


1.332158 0.257678 260 215
1.288400 0.711196 106 212
0.641996 -0.103350 409 215
2.551577 -0.273535 379 218
2.305729 -0.669649 461 221
2.570477 0.896064 198 215
2.958120 0.528238 260 216
0.396788 0.188586 113 207
1.313376 0.707304 116 215
0.512520 0.467060 0 216
0.731683 0.363290 113 215
0.241383 0.218684 1 208
0.679697 0.129749 245 216
0.820873 -0.226143 459 219
0.501379 -0.441113 636 225
0.200528 -0.044477 482 216
0.174533 0.151962 1 215
0.219102 -0.192738 638 218
0.315667 -0.096373 507 218
0.820873 0.200192 225 215
0.794848 -0.289158 503 220
0.947173 0.856390 0 213
1.352640 0.590571 153 215
0.920028 0.838578 0 213
1.130961 0.421379 180 216
1.166961 -0.205077 411 219
0.908548 -0.598957 634 226
0.859580 -0.007490 334 218
1.121610 -0.415850 503 221
1.221218 0.487467 163 215
1.030978 0.088517 307 217
1.289595 0.242566 249 216
1.307831 -0.233968 416 219
2.434972 -0.514988 427 220
2.130954 -0.919314 517 222
2.217448 -0.373468 402 219
2.436556 -0.749367 470 221
2.599966 0.111033 313 217
2.617211 -0.327111 394 219
2.488818 0.890008 195 216
2.886150 0.454352 263 217
2.358751 0.283168 285 217
2.531832 0.626509 225 216
0.639169 0.225159 144 110
0.644560 -0.005361 315 115
0.655303 -0.203721 484 120

